 &plot nbnd=  14, nks=   120 /
            0.031250  0.031250  0.031250
  -41.721  -18.114  -18.113  -18.113    7.651   11.088   11.088   13.686   13.686   13.727
   15.877   15.877   17.665   17.759
            0.031250  0.031250  0.093750
  -41.718  -18.139  -18.112  -18.112    7.810   11.161   11.170   13.659   13.675   13.775
   15.789   15.914   17.431   17.546
            0.031250  0.031250  0.156250
  -41.713  -18.184  -18.109  -18.108    8.120   11.303   11.319   13.634   13.655   13.842
   15.619   15.975   17.083   17.189
            0.031250  0.031250  0.218750
  -41.707  -18.244  -18.105  -18.105    8.566   11.506   11.509   13.615   13.634   13.924
   15.376   16.032   16.692   16.773
            0.031250  0.031250  0.281250
  -41.699  -18.308  -18.100  -18.100    9.125   11.686   11.768   13.607   13.616   14.010
   15.078   16.020   16.339   16.366
            0.031250  0.031250  0.343750
  -41.693  -18.366  -18.096  -18.096    9.761   11.799   12.060   13.603   13.612   14.086
   14.752   15.841   16.016   16.112
            0.031250  0.031250  0.406250
  -41.688  -18.411  -18.093  -18.093   10.418   11.773   12.350   13.588   13.630   14.138
   14.447   15.597   15.759   15.938
            0.031250  0.031250  0.468750
  -41.685  -18.435  -18.091  -18.091   10.997   11.564   12.556   13.567   13.648   14.161
   14.249   15.426   15.623   15.820
            0.031250  0.093750  0.093750
  -41.715  -18.139  -18.134  -18.110    7.965   11.232   11.250   13.602   13.653   13.847
   15.778   15.891   17.169   17.396
            0.031250  0.093750  0.156250
  -41.710  -18.182  -18.133  -18.107    8.269   11.364   11.404   13.545   13.623   13.923
   15.653   15.940   16.836   17.064
            0.031250  0.093750  0.218750
  -41.704  -18.241  -18.129  -18.103    8.705   11.544   11.605   13.503   13.587   13.987
   15.447   16.000   16.499   16.681
            0.031250  0.093750  0.281250
  -41.697  -18.305  -18.124  -18.098    9.249   11.731   11.838   13.483   13.552   14.023
   15.193   15.935   16.282   16.335
            0.031250  0.093750  0.343750
  -41.690  -18.363  -18.119  -18.094    9.863   11.843   12.104   13.480   13.528   14.019
   14.920   15.687   16.075   16.228
            0.031250  0.093750  0.406250
  -41.685  -18.407  -18.116  -18.091   10.493   11.811   12.368   13.458   13.546   13.982
   14.681   15.435   15.899   16.179
            0.031250  0.093750  0.468750
  -41.682  -18.431  -18.114  -18.089   11.039   11.605   12.555   13.419   13.583   13.943
   14.540   15.268   15.797   16.142
            0.031250  0.156250  0.156250
  -41.706  -18.184  -18.172  -18.104    8.559   11.470   11.569   13.447   13.574   13.991
   15.658   15.922   16.538   16.786
            0.031250  0.156250  0.218750
  -41.699  -18.237  -18.172  -18.099    8.973   11.609   11.787   13.367   13.519   14.010
   15.554   15.956   16.255   16.507
            0.031250  0.156250  0.281250
  -41.692  -18.299  -18.167  -18.094    9.483   11.751   12.030   13.316   13.470   13.965
   15.378   15.800   16.194   16.330
            0.031250  0.156250  0.343750
  -41.686  -18.356  -18.162  -18.090   10.048   11.836   12.272   13.299   13.447   13.865
   15.177   15.534   16.188   16.334
            0.031250  0.156250  0.406250
  -41.681  -18.400  -18.158  -18.087   10.610   11.799   12.488   13.306   13.468   13.745
   15.004   15.304   16.128   16.428
            0.031250  0.156250  0.468750
  -41.678  -18.423  -18.155  -18.085   11.076   11.623   12.627   13.317   13.521   13.647
   14.922   15.137   16.078   16.499
            0.031250  0.218750  0.218750
  -41.693  -18.238  -18.222  -18.094    9.348   11.687   12.030   13.246   13.452   13.951
   15.613   15.969   15.970   16.404
            0.031250  0.218750  0.281250
  -41.686  -18.292  -18.222  -18.089    9.798   11.749   12.302   13.157   13.416   13.818
   15.570   15.680   16.084   16.415
            0.031250  0.218750  0.343750
  -41.680  -18.348  -18.216  -18.085   10.274   11.762   12.558   13.112   13.445   13.648
   15.417   15.490   16.213   16.526
            0.031250  0.218750  0.406250
  -41.675  -18.391  -18.212  -18.081   10.718   11.695   12.749   13.112   13.473   13.576
   15.198   15.404   16.288   16.703
            0.031250  0.218750  0.468750
  -41.672  -18.414  -18.209  -18.079   11.049   11.566   12.843   13.150   13.347   13.723
   15.049   15.339   16.315   16.859
            0.031250  0.281250  0.281250
  -41.679  -18.291  -18.276  -18.084   10.151   11.719   12.615   13.031   13.429   13.618
   15.540   15.757   16.027   16.574
            0.031250  0.281250  0.343750
  -41.673  -18.339  -18.275  -18.079   10.491   11.650   12.913   12.952   13.409   13.559
   15.433   15.747   16.150   16.776
            0.031250  0.281250  0.406250
  -41.669  -18.381  -18.270  -18.075   10.772   11.550   12.925   13.107   13.238   13.837
   15.251   15.725   16.322   16.999
            0.031250  0.281250  0.468750
  -41.666  -18.403  -18.267  -18.073   10.951   11.457   12.953   13.059   13.244   14.151
   15.031   15.721   16.437   17.196
            0.031250  0.343750  0.343750
  -41.667  -18.336  -18.325  -18.074   10.659   11.524   12.836   13.183   13.288   13.795
   15.480   15.974   16.076   17.033
            0.031250  0.343750  0.406250
  -41.663  -18.372  -18.323  -18.070   10.769   11.412   12.779   12.995   13.572   14.174
   15.408   16.001   16.243   17.276
            0.031250  0.343750  0.468750
  -41.660  -18.394  -18.320  -18.067   10.825   11.343   12.784   12.862   13.703   14.644
   15.115   16.045   16.407   17.482
            0.031250  0.406250  0.406250
  -41.658  -18.367  -18.362  -18.065   10.740   11.308   12.689   12.823   13.982   14.516
   15.613   16.074   16.242   17.511
            0.031250  0.406250  0.468750
  -41.656  -18.386  -18.360  -18.063   10.717   11.254   12.665   12.711   14.193   14.890
   15.502   16.192   16.305   17.691
            0.031250  0.468750  0.468750
  -41.653  -18.382  -18.382  -18.061   10.657   11.206   12.611   12.626   14.521   15.019
   15.895   15.995   16.374   17.816
            0.093750  0.093750  0.093750
  -41.713  -18.139  -18.132  -18.132    8.119   11.316   11.316   13.582   13.582   13.911
   15.825   15.825   16.879   17.528
            0.093750  0.093750  0.156250
  -41.708  -18.180  -18.133  -18.129    8.417   11.444   11.468   13.507   13.547   13.970
   15.697   15.904   16.572   17.168
            0.093750  0.093750  0.218750
  -41.701  -18.239  -18.128  -18.125    8.844   11.628   11.655   13.450   13.500   13.994
   15.515   15.971   16.327   16.753
            0.093750  0.093750  0.281250
  -41.694  -18.302  -18.122  -18.121    9.374   11.830   11.856   13.426   13.446   13.969
   15.295   15.900   16.274   16.351
            0.093750  0.093750  0.343750
  -41.688  -18.360  -18.117  -18.117    9.970   11.926   12.110   13.385   13.447   13.910
   15.064   15.714   16.010   16.356
            0.093750  0.093750  0.406250
  -41.683  -18.403  -18.114  -18.114   10.575   11.875   12.357   13.312   13.521   13.846
   14.862   15.488   15.765   16.461
            0.093750  0.093750  0.468750
  -41.680  -18.427  -18.112  -18.111   11.094   11.663   12.532   13.244   13.616   13.793
   14.741   15.305   15.637   16.545
            0.093750  0.156250  0.156250
  -41.703  -18.181  -18.171  -18.127    8.703   11.559   11.620   13.418   13.483   13.987
   15.717   15.886   16.339   16.990
            0.093750  0.156250  0.218750
  -41.697  -18.235  -18.170  -18.123    9.111   11.704   11.826   13.332   13.422   13.938
   15.618   15.937   16.206   16.646
            0.093750  0.156250  0.281250
  -41.690  -18.296  -18.165  -18.118    9.611   11.857   12.043   13.276   13.366   13.834
   15.465   15.860   16.241   16.366
            0.093750  0.156250  0.343750
  -41.683  -18.353  -18.159  -18.113   10.163   11.951   12.247   13.234   13.358   13.723
   15.297   15.647   16.064   16.512
            0.093750  0.156250  0.406250
  -41.678  -18.397  -18.155  -18.109   10.708   11.900   12.434   13.178   13.437   13.649
   15.150   15.398   15.879   16.758
            0.093750  0.156250  0.468750
  -41.676  -18.420  -18.153  -18.107   11.156   11.710   12.563   13.127   13.533   13.626
   15.067   15.202   15.762   16.965
            0.093750  0.218750  0.218750
  -41.690  -18.235  -18.220  -18.118    9.485   11.788   12.062   13.212   13.353   13.805
   15.672   15.956   16.105   16.485
            0.093750  0.218750  0.281250
  -41.684  -18.290  -18.220  -18.113    9.931   11.858   12.314   13.122   13.309   13.640
   15.630   15.829   16.109   16.504
            0.093750  0.218750  0.343750
  -41.677  -18.345  -18.214  -18.108   10.401   11.876   12.531   13.067   13.338   13.503
   15.541   15.574   16.117   16.727
            0.093750  0.218750  0.406250
  -41.672  -18.388  -18.210  -18.104   10.834   11.806   12.669   13.041   13.366   13.534
   15.297   15.490   16.028   17.056
            0.093750  0.218750  0.468750
  -41.670  -18.411  -18.207  -18.102   11.155   11.671   12.733   13.037   13.319   13.717
   15.098   15.448   15.940   17.354
            0.093750  0.281250  0.281250
  -41.677  -18.288  -18.274  -18.107   10.288   11.830   12.620   12.999   13.307   13.444
   15.614   15.902   16.007   16.717
            0.093750  0.281250  0.343750
  -41.671  -18.337  -18.273  -18.102   10.627   11.761   12.878   12.924   13.284   13.432
   15.487   15.835   16.091   16.997
            0.093750  0.281250  0.406250
  -41.666  -18.378  -18.268  -18.098   10.900   11.661   12.879   12.975   13.238   13.726
   15.286   15.802   16.101   17.346
            0.093750  0.281250  0.468750
  -41.664  -18.401  -18.265  -18.096   11.070   11.568   12.887   12.931   13.263   14.057
   15.053   15.815   16.049   17.521
            0.093750  0.343750  0.343750
  -41.665  -18.333  -18.323  -18.097   10.796   11.635   12.809   13.082   13.265   13.650
   15.462   15.990   16.070   17.296
            0.093750  0.343750  0.406250
  -41.660  -18.369  -18.321  -18.092   10.900   11.523   12.752   12.925   13.534   14.035
   15.359   15.955   16.165   17.579
            0.093750  0.343750  0.468750
  -41.658  -18.391  -18.318  -18.090   10.949   11.456   12.751   12.813   13.653   14.501
   15.081   16.003   16.157   17.624
            0.093750  0.406250  0.406250
  -41.656  -18.364  -18.360  -18.088   10.868   11.421   12.668   12.782   13.939   14.380
   15.453   15.845   16.308   17.684
            0.093750  0.406250  0.468750
  -41.653  -18.384  -18.358  -18.086   10.843   11.367   12.644   12.684   14.145   14.814
   15.273   15.837   16.360   17.760
            0.093750  0.468750  0.468750
  -41.651  -18.381  -18.380  -18.084   10.783   11.320   12.594   12.607   14.506   14.989
   15.502   15.584   16.441   17.921
            0.156250  0.156250  0.156250
  -41.698  -18.180  -18.168  -18.168    8.982   11.720   11.720   13.364   13.364   13.918
   15.818   15.818   16.225   17.137
            0.156250  0.156250  0.218750
  -41.692  -18.230  -18.169  -18.163    9.377   11.861   11.916   13.264   13.293   13.775
   15.721   15.915   16.243   16.724
            0.156250  0.156250  0.281250
  -41.685  -18.291  -18.162  -18.159    9.855   12.032   12.086   13.211   13.213   13.612
   15.606   15.904   16.328   16.427
            0.156250  0.156250  0.343750
  -41.679  -18.347  -18.156  -18.154   10.374   12.140   12.217   13.127   13.235   13.513
   15.489   15.742   15.995   16.738
            0.156250  0.156250  0.406250
  -41.674  -18.390  -18.151  -18.151   10.874   12.030   12.389   13.041   13.334   13.523
   15.390   15.469   15.755   17.104
            0.156250  0.156250  0.468750
  -41.671  -18.413  -18.149  -18.149   11.274   11.819   12.509   12.974   13.399   13.625
   15.222   15.333   15.630   17.365
            0.156250  0.218750  0.218750
  -41.686  -18.229  -18.217  -18.161    9.747   11.972   12.121   13.151   13.207   13.556
   15.777   15.929   16.346   16.602
            0.156250  0.218750  0.281250
  -41.679  -18.284  -18.216  -18.155   10.184   12.059   12.336   13.060   13.146   13.367
   15.730   15.917   16.247   16.672
            0.156250  0.218750  0.343750
  -41.673  -18.340  -18.210  -18.150   10.637   12.087   12.470   12.993   13.168   13.301
   15.637   15.746   16.046   17.020
            0.156250  0.218750  0.406250
  -41.668  -18.382  -18.206  -18.146   11.044   11.996   12.538   12.934   13.223   13.450
   15.397   15.647   15.849   17.368
            0.156250  0.218750  0.468750
  -41.665  -18.405  -18.203  -18.144   11.338   11.839   12.587   12.893   13.249   13.675
   15.144   15.638   15.703   17.431
            0.156250  0.281250  0.281250
  -41.672  -18.282  -18.270  -18.149   10.549   12.037   12.627   12.942   13.105   13.182
   15.693   15.954   16.153   16.982
            0.156250  0.281250  0.343750
  -41.666  -18.332  -18.269  -18.144   10.886   11.966   12.796   12.869   13.116   13.222
   15.550   15.869   16.134   17.283
            0.156250  0.281250  0.406250
  -41.662  -18.373  -18.264  -18.140   11.143   11.858   12.771   12.835   13.174   13.552
   15.329   15.764   16.076   17.416
            0.156250  0.281250  0.468750
  -41.659  -18.395  -18.261  -18.138   11.293   11.762   12.745   12.816   13.219   13.896
   15.074   15.708   16.024   17.498
            0.156250  0.343750  0.343750
  -41.660  -18.328  -18.319  -18.139   11.061   11.835   12.761   12.924   13.217   13.398
   15.457   15.826   16.257   17.367
            0.156250  0.343750  0.406250
  -41.656  -18.365  -18.317  -18.134   11.152   11.723   12.705   12.815   13.441   13.793
   15.315   15.709   16.317   17.505
            0.156250  0.343750  0.468750
  -41.653  -18.387  -18.314  -18.132   11.186   11.659   12.697   12.735   13.539   14.239
   15.049   15.653   16.324   17.607
            0.156250  0.406250  0.406250
  -41.651  -18.360  -18.356  -18.130   11.116   11.626   12.632   12.717   13.844   14.098
   15.316   15.531   16.465   17.655
            0.156250  0.406250  0.468750
  -41.649  -18.380  -18.355  -18.128   11.086   11.575   12.609   12.640   14.024   14.550
   15.079   15.460   16.518   17.782
            0.156250  0.468750  0.468750
  -41.646  -18.377  -18.376  -18.126   11.028   11.529   12.565   12.576   14.445   14.777
   15.107   15.170   16.596   17.952
            0.218750  0.218750  0.218750
  -41.680  -18.226  -18.213  -18.213   10.108   12.201   12.201   13.072   13.072   13.277
   15.882   15.882   16.634   16.744
            0.218750  0.218750  0.281250
  -41.673  -18.278  -18.213  -18.208   10.527   12.293   12.384   12.985   12.986   13.082
   15.812   15.889   16.411   16.896
            0.218750  0.218750  0.343750
  -41.667  -18.333  -18.206  -18.204   10.943   12.342   12.386   12.905   13.011   13.121
   15.716   15.722   16.169   17.149
            0.218750  0.218750  0.406250
  -41.662  -18.374  -18.200  -18.200   11.289   12.148   12.467   12.836   13.090   13.376
   15.417   15.614   16.030   17.345
            0.218750  0.218750  0.468750
  -41.660  -18.397  -18.198  -18.197   11.520   11.969   12.518   12.791   13.151   13.647
   15.123   15.549   15.969   17.448
            0.218750  0.281250  0.281250
  -41.666  -18.275  -18.266  -18.204   10.906   12.312   12.631   12.850   12.872   12.944
   15.743   15.853   16.443   16.926
            0.218750  0.281250  0.343750
  -41.660  -18.325  -18.263  -18.199   11.241   12.220   12.657   12.800   12.957   13.029
   15.585   15.726   16.380   17.136
            0.218750  0.281250  0.406250
  -41.656  -18.366  -18.259  -18.194   11.466   12.077   12.620   12.756   13.045   13.394
   15.340   15.575   16.323   17.365
            0.218750  0.281250  0.468750
  -41.653  -18.389  -18.256  -18.192   11.578   11.970   12.608   12.733   13.119   13.730
   15.057   15.502   16.293   17.498
            0.218750  0.343750  0.343750
  -41.654  -18.321  -18.315  -18.193   11.435   12.076   12.704   12.775   13.100   13.140
   15.451   15.622   16.522   17.262
            0.218750  0.343750  0.406250
  -41.650  -18.359  -18.312  -18.189   11.504   11.964   12.652   12.718   13.264   13.538
   15.272   15.472   16.570   17.470
            0.218750  0.343750  0.468750
  -41.647  -18.381  -18.309  -18.187   11.514   11.904   12.636   12.669   13.357   13.937
   15.002   15.410   16.579   17.615
            0.218750  0.406250  0.406250
  -41.645  -18.354  -18.352  -18.185   11.464   11.881   12.593   12.660   13.685   13.735
   15.236   15.254   16.709   17.656
            0.218750  0.406250  0.468750
  -41.643  -18.375  -18.350  -18.183   11.427   11.837   12.573   12.599   13.804   14.159
   14.953   15.233   16.759   17.806
            0.218750  0.468750  0.468750
  -41.640  -18.372  -18.372  -18.180   11.374   11.799   12.536   12.546   14.231   14.318
   14.800   15.084   16.833   17.972
            0.281250  0.281250  0.281250
  -41.660  -18.269  -18.261  -18.261   11.302   12.573   12.627   12.627   12.802   12.802
   15.709   15.709   16.758   16.758
            0.281250  0.281250  0.343750
  -41.654  -18.318  -18.259  -18.256   11.625   12.350   12.613   12.746   12.790   12.956
   15.550   15.559   16.667   17.088
            0.281250  0.281250  0.406250
  -41.649  -18.359  -18.253  -18.253   11.777   12.183   12.594   12.708   12.921   13.309
   15.277   15.443   16.623   17.375
            0.281250  0.281250  0.468750
  -41.647  -18.381  -18.251  -18.250   11.816   12.094   12.581   12.690   13.028   13.635
   14.999   15.382   16.605   17.539
            0.281250  0.343750  0.343750
  -41.648  -18.313  -18.310  -18.252   11.880   12.244   12.651   12.744   12.815   13.039
   15.403   15.428   16.849   17.217
            0.281250  0.343750  0.406250
  -41.643  -18.353  -18.307  -18.248   11.907   12.160   12.614   12.702   13.018   13.339
   15.182   15.312   16.885   17.475
            0.281250  0.343750  0.468750
  -41.641  -18.375  -18.304  -18.245   11.873   12.114   12.610   12.654   13.139   13.670
   14.931   15.263   16.892   17.648
            0.281250  0.406250  0.406250
  -41.639  -18.348  -18.347  -18.244   11.872   12.126   12.562   12.657   13.374   13.472
   15.062   15.161   17.025   17.672
            0.281250  0.406250  0.468750
  -41.636  -18.369  -18.345  -18.241   11.830   12.098   12.554   12.593   13.507   13.780
   14.849   15.114   17.072   17.833
            0.281250  0.468750  0.468750
  -41.634  -18.367  -18.367  -18.239   11.793   12.083   12.518   12.534   13.859   13.864
   14.707   15.019   17.143   17.991
            0.343750  0.343750  0.343750
  -41.642  -18.307  -18.305  -18.305   12.185   12.358   12.616   12.616   12.922   12.922
   15.277   15.277   17.205   17.205
            0.343750  0.343750  0.406250
  -41.637  -18.347  -18.301  -18.301   12.148   12.333   12.610   12.808   12.826   13.210
   15.070   15.180   17.206   17.525
            0.343750  0.343750  0.468750
  -41.635  -18.369  -18.299  -18.299   12.118   12.241   12.636   12.714   12.990   13.504
   14.862   15.134   17.208   17.718
            0.343750  0.406250  0.406250
  -41.633  -18.343  -18.342  -18.297   12.171   12.395   12.554   12.758   13.080   13.237
   14.949   15.048   17.380   17.691
            0.343750  0.406250  0.468750
  -41.630  -18.364  -18.340  -18.295   12.193   12.309   12.583   12.669   13.204   13.466
   14.786   14.999   17.420   17.861
            0.343750  0.468750  0.468750
  -41.628  -18.362  -18.362  -18.293   12.227   12.332   12.526   12.571   13.477   13.491
   14.682   14.922   17.495   18.007
            0.406250  0.406250  0.406250
  -41.628  -18.338  -18.338  -18.338   12.267   12.579   12.579   12.924   13.022   13.022
   14.889   14.889   17.708   17.708
            0.406250  0.406250  0.468750
  -41.626  -18.360  -18.336  -18.336   12.351   12.470   12.631   12.867   12.992   13.259
   14.743   14.864   17.717   17.910
            0.406250  0.468750  0.468750
  -41.623  -18.358  -18.358  -18.334   12.455   12.569   12.574   12.748   13.179   13.189
   14.675   14.789   17.822   18.019
            0.468750  0.468750  0.468750
  -41.621  -18.356  -18.356  -18.356   12.563   12.634   12.634   12.990   12.990   13.012
   14.673   14.673   18.026   18.026
